[Settings]
mode=2
last_angle=360.000000
pixel_size=0.074800
source_detector_distance=1099.000800
source_object_distance=214.918712
direction_of_rotation=1
tilt=0.000000
skew=0.000000
slant=0.000000
horizontal_centre=956.000642
vertical_centre=759.883693
rotation_axis_position=-1